# relative_time, cycles_done, cur_item, corpus_count, pending_total, pending_favs, map_size, saved_crashes, saved_hangs, max_depth, execs_per_sec, total_execs, edges_found, total_crashes, servers_count
61, 0, 3, 186, 183, 65, 12.68%, 0, 0, 2, 472.52, 25661, 811, 0, 0
66, 0, 3, 190, 187, 65, 13.00%, 0, 0, 2, 487.69, 28011, 832, 0, 0
71, 0, 5, 209, 204, 98, 13.25%, 0, 0, 2, 446.96, 30052, 848, 0, 0
76, 0, 5, 213, 208, 98, 13.33%, 0, 0, 2, 372.90, 32141, 853, 0, 0
81, 0, 5, 217, 212, 98, 13.43%, 0, 0, 2, 466.97, 34652, 859, 0, 0
86, 0, 5, 219, 214, 98, 13.44%, 0, 0, 2, 478.23, 36970, 860, 0, 0
91, 0, 5, 221, 216, 98, 13.50%, 0, 0, 2, 467.22, 39261, 864, 0, 0
96, 0, 5, 224, 219, 98, 13.52%, 0, 0, 2, 488.25, 41622, 865, 0, 0
101, 0, 5, 225, 220, 98, 13.52%, 0, 0, 2, 419.42, 43813, 865, 0, 0
106, 0, 5, 226, 221, 98, 13.52%, 0, 0, 2, 476.20, 46334, 865, 0, 0
112, 0, 5, 227, 222, 98, 13.52%, 0, 0, 2, 488.96, 48735, 865, 0, 0
117, 0, 5, 230, 225, 98, 13.54%, 0, 0, 2, 431.04, 50904, 866, 0, 0
122, 0, 5, 233, 228, 98, 13.57%, 0, 0, 2, 388.19, 52889, 868, 0, 0
127, 0, 5, 234, 229, 98, 13.57%, 0, 0, 2, 376.35, 54779, 868, 0, 0
132, 0, 5, 234, 229, 98, 13.57%, 0, 0, 2, 348.65, 56584, 868, 0, 0
137, 0, 5, 234, 229, 98, 13.57%, 0, 0, 2, 301.81, 58174, 868, 0, 0
142, 0, 5, 235, 230, 98, 13.57%, 0, 0, 2, 339.70, 59957, 868, 0, 0
147, 0, 5, 238, 233, 98, 13.66%, 0, 0, 2, 379.18, 61863, 874, 0, 0
152, 0, 5, 238, 233, 98, 13.66%, 0, 0, 2, 325.19, 63536, 874, 0, 0
157, 0, 5, 239, 234, 98, 13.66%, 0, 0, 2, 370.79, 65496, 874, 0, 0
163, 0, 5, 239, 234, 98, 13.66%, 0, 0, 2, 306.57, 66945, 874, 0, 0
168, 0, 5, 240, 235, 98, 13.66%, 0, 0, 2, 339.22, 68650, 874, 0, 0
173, 0, 5, 240, 235, 98, 13.66%, 0, 0, 2, 305.86, 70228, 874, 0, 0
178, 0, 5, 241, 236, 98, 13.75%, 0, 0, 2, 307.77, 71777, 880, 0, 0
183, 0, 5, 244, 239, 98, 13.79%, 0, 0, 2, 268.04, 73057, 882, 0, 0
188, 0, 5, 245, 240, 98, 13.79%, 0, 0, 2, 254.44, 74399, 882, 0, 0
193, 0, 5, 245, 240, 98, 13.79%, 0, 0, 2, 305.76, 75939, 882, 0, 0
198, 0, 5, 245, 240, 98, 13.79%, 0, 0, 2, 321.22, 77625, 882, 0, 0
204, 0, 5, 246, 241, 98, 13.79%, 0, 0, 2, 361.81, 79468, 882, 0, 0
209, 0, 5, 246, 241, 98, 13.79%, 0, 0, 2, 315.97, 81076, 882, 0, 0
214, 0, 5, 247, 242, 98, 13.80%, 0, 0, 2, 294.44, 82498, 883, 0, 0
219, 0, 6, 277, 271, 113, 14.83%, 0, 0, 2, 296.29, 84087, 949, 0, 0
224, 0, 6, 289, 283, 113, 14.91%, 0, 0, 2, 289.06, 85527, 954, 0, 0
229, 0, 6, 294, 288, 113, 14.94%, 0, 0, 2, 320.56, 87155, 956, 0, 0
234, 0, 6, 294, 288, 113, 14.94%, 0, 0, 2, 309.68, 88679, 956, 0, 0
239, 0, 6, 295, 289, 113, 14.94%, 0, 0, 2, 290.93, 90151, 956, 0, 0
244, 0, 6, 297, 291, 113, 14.96%, 0, 0, 2, 274.76, 91511, 957, 0, 0
249, 0, 6, 298, 292, 113, 14.96%, 0, 0, 2, 247.34, 92746, 957, 0, 0
254, 0, 6, 298, 292, 113, 14.96%, 0, 0, 2, 237.06, 93913, 957, 0, 0
259, 0, 6, 299, 293, 113, 14.97%, 0, 0, 2, 235.69, 95149, 958, 0, 0
264, 0, 6, 302, 296, 113, 15.02%, 0, 0, 2, 259.79, 96484, 961, 0, 0
270, 0, 6, 304, 298, 113, 15.04%, 0, 0, 2, 263.52, 97888, 962, 0, 0
275, 0, 6, 305, 299, 113, 15.05%, 0, 0, 2, 245.12, 99082, 963, 0, 0
280, 0, 6, 305, 299, 113, 15.05%, 0, 0, 2, 284.67, 100595, 963, 0, 0
285, 0, 6, 305, 299, 113, 15.05%, 0, 0, 2, 285.99, 102006, 963, 0, 0
290, 0, 6, 307, 301, 113, 15.30%, 0, 0, 2, 261.25, 103320, 979, 0, 0
295, 0, 6, 310, 304, 113, 15.33%, 0, 0, 2, 253.03, 104566, 981, 0, 0
300, 0, 6, 311, 305, 113, 15.33%, 0, 0, 2, 287.74, 105978, 981, 0, 0
305, 0, 6, 311, 305, 113, 15.33%, 0, 0, 2, 269.20, 107268, 981, 0, 0
310, 0, 6, 311, 305, 113, 15.33%, 0, 0, 2, 302.32, 108828, 981, 0, 0
315, 0, 6, 311, 305, 113, 15.33%, 0, 0, 2, 291.15, 110228, 981, 0, 0
320, 0, 6, 311, 305, 113, 15.33%, 0, 0, 2, 330.21, 111987, 981, 0, 0
325, 0, 6, 312, 306, 113, 15.33%, 0, 0, 2, 341.28, 113686, 981, 0, 0
330, 0, 6, 312, 306, 113, 15.33%, 0, 0, 2, 386.82, 115738, 981, 0, 0
335, 0, 6, 313, 307, 113, 15.36%, 0, 0, 2, 374.73, 117565, 983, 0, 0
341, 0, 6, 313, 307, 113, 15.36%, 0, 0, 2, 388.58, 119559, 983, 0, 0
346, 0, 6, 314, 308, 113, 15.40%, 0, 0, 2, 358.18, 121289, 985, 0, 0
351, 0, 6, 316, 310, 113, 15.40%, 0, 0, 2, 338.87, 123026, 985, 0, 0
356, 0, 6, 316, 310, 113, 15.40%, 0, 0, 2, 325.56, 124622, 985, 0, 0
361, 0, 6, 316, 310, 113, 15.40%, 0, 0, 2, 288.87, 126093, 985, 0, 0
366, 0, 6, 317, 311, 113, 15.40%, 0, 0, 2, 286.87, 127545, 985, 0, 0
371, 0, 6, 318, 312, 113, 15.40%, 0, 0, 2, 287.33, 129047, 985, 0, 0
376, 0, 6, 319, 313, 113, 15.40%, 0, 0, 2, 267.52, 130379, 985, 0, 0
381, 0, 6, 320, 314, 113, 15.41%, 0, 0, 2, 292.91, 131897, 986, 0, 0
386, 0, 6, 320, 314, 113, 15.41%, 0, 0, 2, 249.73, 133132, 986, 0, 0
391, 0, 6, 322, 316, 113, 15.44%, 0, 0, 2, 262.71, 134491, 988, 0, 0
396, 0, 8, 323, 316, 137, 15.44%, 0, 0, 2, 255.65, 135827, 988, 0, 0
402, 0, 10, 328, 320, 136, 15.44%, 0, 0, 2, 292.84, 137625, 988, 0, 0
407, 0, 58, 330, 319, 132, 15.44%, 0, 0, 3, 314.45, 139241, 988, 0, 0
413, 0, 34, 331, 312, 124, 15.44%, 0, 0, 3, 294.83, 140995, 988, 0, 0
419, 0, 62, 331, 297, 109, 15.44%, 0, 0, 3, 448.07, 143720, 988, 0, 0
424, 0, 75, 335, 294, 102, 15.44%, 0, 0, 3, 467.36, 146062, 988, 0, 0
429, 0, 75, 337, 296, 102, 15.55%, 0, 0, 3, 501.43, 148615, 995, 0, 0
434, 0, 75, 337, 296, 102, 15.55%, 0, 0, 3, 445.63, 150819, 995, 0, 0
439, 0, 80, 350, 306, 101, 15.60%, 0, 0, 3, 503.45, 153372, 998, 0, 0
444, 0, 80, 358, 314, 101, 15.74%, 0, 0, 3, 485.27, 155746, 1007, 0, 0
449, 0, 80, 366, 322, 101, 15.74%, 0, 0, 3, 507.70, 158324, 1007, 0, 0
454, 0, 80, 368, 324, 101, 15.74%, 0, 0, 3, 483.13, 160550, 1007, 0, 0
459, 0, 80, 371, 327, 101, 15.77%, 0, 0, 3, 469.76, 162929, 1009, 0, 0
464, 0, 80, 373, 329, 101, 15.77%, 0, 0, 3, 455.30, 165238, 1009, 0, 0
470, 0, 80, 373, 329, 101, 15.77%, 0, 0, 3, 499.10, 167758, 1009, 0, 0
475, 0, 80, 377, 333, 101, 15.77%, 0, 0, 3, 427.64, 169857, 1009, 0, 0
480, 0, 80, 378, 334, 101, 15.77%, 0, 0, 3, 314.11, 171410, 1009, 0, 0
485, 0, 80, 379, 335, 101, 15.77%, 0, 0, 3, 261.94, 172722, 1009, 0, 0
490, 0, 80, 379, 335, 101, 15.77%, 0, 0, 3, 271.84, 174137, 1009, 0, 0
495, 0, 80, 379, 335, 101, 15.77%, 0, 0, 3, 257.87, 175352, 1009, 0, 0
500, 0, 80, 379, 335, 101, 15.77%, 0, 0, 3, 262.86, 176662, 1009, 0, 0
505, 0, 80, 379, 335, 101, 15.77%, 0, 0, 3, 275.47, 178077, 1009, 0, 0
510, 0, 80, 379, 335, 101, 15.77%, 0, 0, 3, 265.90, 179397, 1009, 0, 0
516, 0, 80, 381, 337, 101, 15.82%, 0, 0, 3, 331.44, 181097, 1012, 0, 0
521, 0, 80, 382, 338, 101, 15.82%, 0, 0, 3, 368.09, 183070, 1012, 0, 0
526, 0, 80, 382, 338, 101, 15.82%, 0, 0, 3, 335.91, 184686, 1012, 0, 0
531, 0, 80, 382, 338, 101, 15.82%, 0, 0, 3, 316.78, 186300, 1012, 0, 0
536, 0, 80, 382, 338, 101, 15.82%, 0, 0, 3, 349.98, 188058, 1012, 0, 0
541, 0, 80, 382, 338, 101, 15.82%, 0, 0, 3, 393.79, 190175, 1012, 0, 0
546, 0, 80, 382, 338, 101, 15.82%, 0, 0, 3, 412.70, 192310, 1012, 0, 0
551, 0, 80, 383, 339, 101, 15.82%, 0, 0, 3, 411.82, 194413, 1012, 0, 0
556, 0, 80, 383, 339, 101, 15.82%, 0, 0, 3, 458.59, 196783, 1012, 0, 0
561, 0, 80, 384, 340, 101, 15.82%, 0, 0, 3, 416.26, 198900, 1012, 0, 0
566, 0, 80, 384, 340, 101, 15.82%, 0, 0, 3, 417.83, 200988, 1012, 0, 0
572, 0, 80, 384, 340, 101, 15.82%, 0, 0, 3, 423.06, 203084, 1012, 0, 0
577, 0, 88, 384, 334, 100, 15.82%, 0, 0, 3, 442.05, 205248, 1012, 0, 0
582, 0, 93, 385, 330, 95, 15.82%, 0, 0, 3, 428.01, 207404, 1012, 0, 0
587, 0, 134, 385, 321, 86, 15.82%, 0, 0, 3, 459.59, 209945, 1012, 0, 0
592, 0, 151, 385, 318, 83, 15.82%, 0, 0, 3, 450.85, 212094, 1012, 0, 0
598, 0, 166, 386, 313, 78, 15.97%, 0, 0, 3, 431.97, 214216, 1022, 0, 0
604, 0, 168, 386, 310, 75, 15.97%, 0, 0, 3, 348.56, 216150, 1022, 0, 0
611, 0, 177, 387, 306, 71, 16.01%, 0, 0, 3, 400.46, 218319, 1024, 0, 0
616, 0, 180, 389, 306, 69, 16.04%, 0, 0, 3, 354.50, 219771, 1026, 0, 0
621, 0, 180, 402, 319, 69, 16.18%, 0, 0, 3, 340.49, 221567, 1035, 0, 0
626, 0, 180, 403, 320, 69, 16.18%, 0, 0, 3, 307.55, 223032, 1035, 0, 0
631, 0, 180, 405, 322, 69, 16.18%, 0, 0, 3, 295.43, 224536, 1035, 0, 0
636, 0, 180, 405, 322, 69, 16.18%, 0, 0, 3, 313.97, 226100, 1035, 0, 0
641, 0, 180, 405, 322, 69, 16.18%, 0, 0, 3, 271.44, 227407, 1035, 0, 0
646, 0, 180, 406, 323, 69, 16.18%, 0, 0, 3, 283.18, 228809, 1035, 0, 0
651, 0, 180, 406, 323, 69, 16.18%, 0, 0, 3, 300.43, 230386, 1035, 0, 0
656, 0, 180, 406, 323, 69, 16.18%, 0, 0, 3, 353.25, 232126, 1035, 0, 0
661, 0, 180, 407, 324, 69, 16.18%, 0, 0, 3, 370.10, 234063, 1035, 0, 0
667, 0, 180, 407, 324, 69, 16.18%, 0, 0, 3, 390.13, 236093, 1035, 0, 0
672, 0, 180, 407, 324, 69, 16.18%, 0, 0, 3, 375.62, 238067, 1035, 0, 0
677, 0, 180, 408, 325, 69, 16.18%, 0, 0, 3, 391.89, 239999, 1035, 0, 0
682, 0, 180, 408, 325, 69, 16.18%, 0, 0, 3, 396.50, 242022, 1035, 0, 0
687, 0, 180, 408, 325, 69, 16.18%, 0, 0, 3, 318.92, 243546, 1035, 0, 0
692, 0, 180, 408, 325, 69, 16.18%, 0, 0, 3, 335.77, 245238, 1035, 0, 0
697, 0, 180, 408, 325, 69, 16.18%, 0, 0, 3, 412.79, 247458, 1035, 0, 0
702, 0, 180, 408, 325, 69, 16.18%, 0, 0, 3, 364.32, 249358, 1035, 0, 0
708, 0, 180, 408, 325, 69, 16.18%, 0, 0, 3, 346.02, 251066, 1035, 0, 0
713, 0, 180, 408, 325, 69, 16.18%, 0, 0, 3, 289.19, 252543, 1035, 0, 0
718, 0, 180, 408, 325, 69, 16.18%, 0, 0, 3, 270.63, 253938, 1035, 0, 0
723, 0, 180, 408, 325, 69, 16.18%, 0, 0, 3, 237.93, 255150, 1035, 0, 0
728, 0, 180, 409, 326, 69, 16.19%, 0, 0, 3, 234.68, 256317, 1036, 0, 0
733, 0, 180, 409, 326, 69, 16.19%, 0, 0, 3, 240.87, 257533, 1036, 0, 0
738, 0, 180, 409, 326, 69, 16.19%, 0, 0, 3, 282.98, 258970, 1036, 0, 0
743, 0, 180, 409, 326, 69, 16.19%, 0, 0, 3, 309.68, 260581, 1036, 0, 0
748, 0, 180, 409, 326, 69, 16.19%, 0, 0, 3, 331.25, 262267, 1036, 0, 0
753, 0, 180, 409, 326, 69, 16.19%, 0, 0, 3, 299.19, 263725, 1036, 0, 0
758, 0, 180, 409, 326, 69, 16.19%, 0, 0, 3, 272.78, 265330, 1036, 0, 0
763, 0, 180, 409, 326, 69, 16.19%, 0, 0, 3, 274.97, 266840, 1036, 0, 0
768, 0, 180, 409, 326, 69, 16.19%, 0, 0, 3, 281.42, 268325, 1036, 0, 0
773, 0, 180, 409, 326, 69, 16.19%, 0, 0, 3, 323.36, 270037, 1036, 0, 0
779, 0, 185, 411, 326, 73, 16.19%, 0, 0, 3, 380.20, 272299, 1036, 0, 0
785, 0, 192, 422, 335, 71, 16.19%, 0, 0, 3, 341.43, 273959, 1036, 0, 0
790, 0, 253, 431, 343, 70, 16.19%, 0, 0, 3, 375.71, 276238, 1036, 0, 0
795, 0, 207, 431, 339, 66, 16.19%, 0, 0, 3, 380.70, 278213, 1036, 0, 0
800, 0, 209, 431, 337, 64, 16.19%, 0, 0, 3, 394.76, 280181, 1036, 0, 0
806, 0, 214, 436, 339, 61, 16.19%, 0, 0, 3, 400.56, 282307, 1036, 0, 0
811, 0, 227, 437, 338, 59, 16.21%, 0, 0, 3, 400.20, 284351, 1037, 0, 0
816, 0, 369, 449, 348, 57, 16.30%, 0, 0, 4, 388.33, 286152, 1043, 0, 0
821, 0, 369, 456, 355, 57, 16.44%, 0, 0, 4, 458.18, 288445, 1052, 0, 0
826, 0, 369, 456, 355, 57, 16.44%, 0, 0, 4, 481.51, 290776, 1052, 0, 0
831, 0, 369, 457, 356, 57, 16.44%, 0, 0, 4, 477.93, 293123, 1052, 0, 0
836, 0, 369, 457, 356, 57, 16.44%, 0, 0, 4, 429.33, 295219, 1052, 0, 0
841, 0, 236, 457, 353, 60, 16.44%, 0, 0, 4, 399.08, 297243, 1052, 0, 0
846, 0, 240, 469, 364, 59, 16.44%, 0, 0, 4, 396.79, 299015, 1052, 0, 0
851, 0, 434, 473, 364, 56, 16.44%, 0, 0, 4, 343.95, 300823, 1052, 0, 0
857, 0, 434, 474, 365, 56, 16.44%, 0, 0, 4, 279.79, 302171, 1052, 0, 0
862, 0, 434, 474, 365, 56, 16.44%, 0, 0, 4, 236.94, 303399, 1052, 0, 0
867, 0, 434, 476, 367, 56, 16.44%, 0, 0, 4, 268.31, 304780, 1052, 0, 0
872, 0, 434, 477, 368, 56, 16.44%, 0, 0, 4, 301.04, 306338, 1052, 0, 0
877, 0, 434, 478, 369, 56, 16.44%, 0, 0, 4, 353.02, 307884, 1052, 0, 0
882, 0, 434, 478, 369, 56, 16.44%, 0, 0, 4, 304.46, 309399, 1052, 0, 0
887, 0, 261, 478, 364, 52, 16.44%, 0, 0, 4, 303.83, 310800, 1052, 0, 0
892, 0, 465, 483, 366, 49, 16.44%, 0, 0, 4, 293.69, 312252, 1052, 0, 0
897, 0, 267, 483, 359, 42, 16.44%, 0, 0, 4, 343.03, 313948, 1052, 0, 0
902, 0, 350, 500, 375, 41, 16.46%, 0, 0, 4, 345.81, 315697, 1053, 0, 0
908, 0, 290, 500, 369, 36, 16.46%, 0, 0, 4, 400.94, 317818, 1053, 0, 0
913, 0, 302, 500, 363, 30, 16.46%, 0, 0, 4, 377.62, 319851, 1053, 0, 0
919, 0, 304, 502, 364, 30, 16.46%, 0, 0, 4, 405.89, 322113, 1053, 0, 0
924, 0, 310, 504, 359, 23, 16.46%, 0, 0, 5, 425.19, 324334, 1053, 0, 0
929, 0, 500, 507, 352, 14, 16.49%, 0, 0, 5, 438.86, 326652, 1055, 0, 0
934, 0, 498, 513, 351, 9, 16.49%, 0, 0, 5, 418.94, 328761, 1055, 0, 0
939, 0, 498, 519, 357, 9, 16.49%, 0, 0, 5, 431.27, 330979, 1055, 0, 0
944, 0, 498, 521, 359, 9, 16.49%, 0, 0, 5, 373.14, 332826, 1055, 0, 0
949, 0, 498, 522, 360, 9, 16.49%, 0, 0, 5, 455.92, 335203, 1055, 0, 0
954, 0, 498, 526, 364, 9, 16.49%, 0, 0, 5, 431.41, 337428, 1055, 0, 0
959, 0, 498, 526, 364, 9, 16.49%, 0, 0, 5, 419.99, 339596, 1055, 0, 0
965, 0, 390, 526, 363, 9, 16.49%, 0, 0, 5, 374.25, 341804, 1055, 0, 0
970, 0, 508, 532, 367, 8, 16.51%, 0, 0, 5, 370.62, 343725, 1056, 0, 0
975, 0, 508, 534, 369, 8, 16.51%, 0, 0, 5, 354.90, 345398, 1056, 0, 0
980, 0, 508, 534, 369, 8, 16.51%, 0, 0, 5, 362.55, 347239, 1056, 0, 0
985, 0, 508, 534, 369, 8, 16.51%, 0, 0, 5, 331.22, 348811, 1056, 0, 0
991, 0, 444, 536, 367, 7, 16.51%, 0, 0, 5, 367.44, 350895, 1056, 0, 0
996, 0, 455, 536, 363, 3, 16.51%, 0, 0, 5, 370.97, 352719, 1056, 0, 0
1001, 0, 280, 537, 360, 0, 16.51%, 0, 0, 5, 337.14, 354525, 1056, 0, 0
1006, 0, 441, 538, 359, 0, 16.51%, 0, 0, 5, 280.54, 355843, 1056, 0, 0
1011, 0, 355, 544, 365, 0, 16.51%, 0, 0, 5, 339.59, 357647, 1056, 0, 0
1016, 0, 355, 549, 370, 0, 16.51%, 0, 0, 5, 348.25, 359320, 1056, 0, 0
1021, 0, 355, 550, 371, 0, 16.51%, 0, 0, 5, 428.19, 361589, 1056, 0, 0
1026, 0, 355, 553, 374, 0, 16.52%, 0, 0, 5, 448.20, 363730, 1057, 0, 0
1031, 0, 355, 554, 375, 0, 16.52%, 0, 0, 5, 428.03, 365897, 1057, 0, 0
1036, 0, 355, 556, 377, 0, 16.54%, 0, 0, 5, 402.49, 367815, 1058, 0, 0
1041, 0, 355, 556, 377, 0, 16.54%, 0, 0, 5, 356.72, 369516, 1058, 0, 0
1046, 0, 326, 558, 376, 0, 16.54%, 0, 0, 5, 423.43, 371838, 1058, 0, 0
1051, 0, 168, 559, 373, 0, 16.54%, 0, 0, 5, 431.65, 373955, 1058, 0, 0
1057, 0, 421, 565, 378, 0, 16.54%, 0, 0, 5, 427.77, 376068, 1058, 0, 0
1062, 0, 421, 566, 379, 0, 16.54%, 0, 0, 5, 435.10, 378099, 1058, 0, 0
1067, 0, 421, 567, 380, 0, 16.54%, 0, 0, 5, 392.03, 380108, 1058, 0, 0
1072, 0, 421, 567, 380, 0, 16.54%, 0, 0, 5, 387.55, 382194, 1058, 0, 0
1077, 0, 421, 569, 382, 0, 16.54%, 0, 0, 5, 345.86, 383909, 1058, 0, 0
1082, 0, 421, 569, 382, 0, 16.54%, 0, 0, 5, 290.04, 385361, 1058, 0, 0
1087, 0, 421, 570, 383, 0, 16.54%, 0, 0, 5, 297.30, 386888, 1058, 0, 0
1093, 0, 281, 570, 382, 0, 16.54%, 0, 0, 5, 328.83, 388908, 1058, 0, 0
1098, 0, 380, 572, 381, 0, 16.61%, 0, 0, 5, 438.18, 391245, 1063, 0, 0
1104, 0, 530, 572, 378, 0, 16.61%, 0, 0, 5, 341.48, 392789, 1063, 0, 0
1109, 0, 201, 576, 382, 0, 16.65%, 0, 0, 5, 350.34, 394709, 1065, 0, 0
1114, 0, 575, 578, 381, 1, 16.68%, 0, 0, 5, 341.26, 396451, 1067, 0, 0
1119, 0, 487, 578, 374, 0, 16.68%, 0, 0, 5, 365.07, 398385, 1067, 0, 0
1124, 0, 74, 582, 375, 0, 16.68%, 0, 0, 5, 357.86, 400239, 1067, 0, 0
1129, 0, 458, 587, 378, 0, 16.68%, 0, 0, 5, 357.26, 402123, 1067, 0, 0
1134, 0, 458, 588, 379, 0, 16.68%, 0, 0, 5, 312.56, 403715, 1067, 0, 0
1139, 0, 458, 591, 382, 0, 16.68%, 0, 0, 5, 430.54, 406080, 1067, 0, 0
1145, 0, 458, 591, 382, 0, 16.68%, 0, 0, 5, 413.25, 408192, 1067, 0, 0
1150, 0, 458, 591, 382, 0, 16.68%, 0, 0, 5, 439.50, 410560, 1067, 0, 0
1155, 0, 292, 591, 381, 0, 16.68%, 0, 0, 5, 466.10, 413327, 1067, 0, 0
1161, 0, 41, 592, 377, 0, 16.72%, 0, 0, 5, 461.10, 415792, 1070, 0, 0
1166, 0, 230, 593, 374, 0, 16.72%, 0, 0, 5, 448.37, 418151, 1070, 0, 0
1171, 0, 418, 597, 373, 0, 16.72%, 0, 0, 5, 449.72, 420453, 1070, 0, 0
1176, 0, 598, 599, 372, 1, 16.79%, 0, 0, 5, 464.43, 422725, 1074, 0, 0
1183, 0, 280, 601, 371, 0, 16.79%, 0, 0, 6, 483.03, 425761, 1074, 0, 0
1188, 0, 500, 601, 369, 0, 16.79%, 0, 0, 6, 445.22, 427984, 1074, 0, 0
1193, 0, 145, 602, 367, 0, 16.79%, 0, 0, 6, 433.45, 430195, 1074, 0, 0
1198, 0, 328, 602, 362, 0, 16.79%, 0, 0, 6, 406.62, 432196, 1074, 0, 0
1203, 0, 73, 602, 358, 0, 16.79%, 0, 0, 6, 363.87, 433855, 1074, 0, 0
1208, 0, 108, 602, 355, 0, 16.79%, 0, 0, 6, 385.00, 435772, 1074, 0, 0
1213, 0, 280, 602, 351, 0, 16.79%, 0, 0, 6, 322.86, 437450, 1074, 0, 0
1218, 0, 579, 603, 349, 0, 16.80%, 0, 0, 6, 389.72, 439341, 1075, 0, 0
1224, 0, 597, 603, 347, 0, 16.80%, 0, 0, 6, 364.24, 441326, 1075, 0, 0
1229, 0, 603, 604, 345, 1, 16.82%, 0, 0, 6, 397.23, 443394, 1076, 0, 0
1234, 0, 434, 604, 343, 0, 16.82%, 0, 0, 6, 365.35, 445124, 1076, 0, 0
1239, 0, 604, 605, 341, 1, 16.83%, 0, 0, 6, 405.64, 447270, 1077, 0, 0
1244, 0, 198, 605, 337, 0, 16.83%, 0, 0, 6, 355.55, 449028, 1077, 0, 0
1249, 0, 195, 605, 334, 0, 16.83%, 0, 0, 6, 375.20, 450947, 1077, 0, 0
1255, 0, 589, 607, 333, 0, 16.83%, 0, 0, 6, 372.07, 452778, 1077, 0, 0
1260, 1, 607, 608, 329, 1, 16.85%, 0, 0, 6, 454.38, 455045, 1078, 0, 0
1265, 1, 244, 608, 321, 0, 16.85%, 0, 0, 6, 439.71, 457212, 1078, 0, 0
1270, 1, 608, 609, 314, 1, 16.85%, 0, 0, 6, 503.02, 459701, 1078, 0, 0
1275, 1, 524, 611, 311, 0, 16.85%, 0, 0, 6, 475.16, 461986, 1078, 0, 0
1280, 1, 288, 612, 307, 0, 16.85%, 0, 0, 6, 484.88, 464490, 1078, 0, 0
1286, 1, 385, 613, 302, 0, 16.85%, 0, 0, 6, 459.93, 467326, 1078, 0, 0
1292, 1, 587, 617, 304, 0, 16.85%, 0, 0, 6, 419.36, 469556, 1078, 0, 0
1297, 1, 568, 617, 296, 0, 16.85%, 0, 0, 6, 471.08, 471909, 1078, 0, 0
1302, 1, 568, 622, 301, 0, 16.85%, 0, 0, 6, 393.25, 473899, 1078, 0, 0
1307, 1, 568, 623, 302, 0, 16.85%, 0, 0, 6, 409.23, 475970, 1078, 0, 0
1312, 1, 568, 623, 302, 0, 16.85%, 0, 0, 6, 420.73, 478130, 1078, 0, 0
1317, 1, 568, 624, 303, 0, 16.85%, 0, 0, 6, 390.13, 479998, 1078, 0, 0
1322, 1, 155, 624, 302, 0, 16.85%, 0, 0, 6, 353.61, 481744, 1078, 0, 0
1327, 1, 261, 626, 302, 0, 16.85%, 0, 0, 6, 397.01, 483619, 1078, 0, 0
1333, 1, 297, 629, 302, 0, 16.85%, 0, 0, 6, 372.48, 485657, 1078, 0, 0
1338, 1, 616, 632, 299, 0, 16.85%, 0, 0, 6, 382.12, 487689, 1078, 0, 0
1343, 1, 616, 634, 301, 0, 16.88%, 0, 0, 6, 362.98, 489552, 1080, 0, 0
1348, 1, 616, 635, 302, 0, 16.88%, 0, 0, 6, 415.47, 491722, 1080, 0, 0
1353, 1, 616, 635, 302, 0, 16.88%, 0, 0, 6, 326.70, 493382, 1080, 0, 0
1358, 1, 616, 635, 302, 0, 16.88%, 0, 0, 6, 391.57, 495383, 1080, 0, 0
1363, 1, 631, 635, 302, 2, 16.88%, 0, 0, 6, 333.27, 497108, 1080, 0, 0
1369, 1, 127, 636, 299, 0, 16.88%, 0, 0, 6, 361.03, 498870, 1080, 0, 0
1374, 1, 203, 636, 294, 0, 16.88%, 0, 0, 6, 359.97, 500687, 1080, 0, 0
1379, 1, 435, 637, 285, 0, 16.90%, 0, 0, 6, 463.75, 503050, 1081, 0, 0
1384, 1, 274, 637, 278, 0, 16.90%, 0, 0, 6, 442.38, 505302, 1081, 0, 0
1389, 1, 143, 638, 273, 0, 16.90%, 0, 0, 6, 470.87, 507675, 1081, 0, 0
1394, 1, 627, 640, 271, 0, 16.94%, 0, 0, 6, 445.41, 509802, 1084, 0, 0
1399, 1, 32, 640, 263, 0, 16.94%, 0, 0, 6, 433.98, 512054, 1084, 0, 0
1404, 1, 449, 640, 258, 0, 16.94%, 0, 0, 6, 434.37, 514258, 1084, 0, 0
1411, 1, 573, 640, 253, 0, 16.94%, 0, 0, 6, 401.97, 516926, 1084, 0, 0
1416, 1, 539, 645, 256, 0, 16.94%, 0, 0, 6, 410.62, 518962, 1084, 0, 0
1421, 1, 539, 646, 257, 0, 16.94%, 0, 0, 6, 456.36, 521516, 1084, 0, 0
1426, 1, 539, 646, 257, 0, 16.94%, 0, 0, 6, 438.53, 523697, 1084, 0, 0
1431, 1, 539, 646, 257, 0, 16.94%, 0, 0, 6, 462.56, 526034, 1084, 0, 0
1436, 1, 539, 646, 257, 0, 16.94%, 0, 0, 6, 375.84, 527857, 1084, 0, 0
1441, 1, 539, 646, 257, 0, 16.94%, 0, 0, 6, 330.87, 529535, 1084, 0, 0
1448, 1, 283, 646, 256, 0, 16.94%, 0, 0, 6, 426.38, 531590, 1084, 0, 0
1455, 1, 282, 646, 251, 0, 16.94%, 0, 0, 6, 312.51, 533601, 1084, 0, 0
1460, 1, 253, 646, 245, 0, 16.94%, 0, 0, 6, 332.09, 535390, 1084, 0, 0
1465, 1, 647, 648, 240, 1, 16.97%, 0, 0, 7, 362.59, 537270, 1086, 0, 0
1470, 1, 622, 651, 242, 0, 17.08%, 0, 0, 7, 307.10, 538811, 1093, 0, 0
1475, 1, 8, 652, 240, 0, 17.08%, 0, 0, 7, 318.82, 540477, 1093, 0, 0
1481, 1, 208, 652, 235, 0, 17.08%, 0, 0, 7, 380.60, 542534, 1093, 0, 0
1486, 1, 420, 653, 232, 0, 17.08%, 0, 0, 7, 348.08, 544293, 1093, 0, 0
1491, 1, 321, 654, 231, 0, 17.08%, 0, 0, 7, 382.98, 546236, 1093, 0, 0
1496, 1, 223, 655, 229, 0, 17.08%, 0, 0, 7, 361.24, 548001, 1093, 0, 0
1501, 1, 560, 656, 226, 0, 17.08%, 0, 0, 7, 440.52, 550433, 1093, 0, 0
1506, 1, 431, 656, 224, 0, 17.08%, 0, 0, 7, 449.37, 552685, 1093, 0, 0
1511, 1, 526, 657, 219, 0, 17.08%, 0, 0, 7, 449.16, 554973, 1093, 0, 0
1516, 1, 101, 657, 212, 0, 17.08%, 0, 0, 7, 432.59, 557093, 1093, 0, 0
1521, 1, 644, 658, 205, 0, 17.08%, 0, 0, 7, 440.67, 559301, 1093, 0, 0
1527, 1, 657, 665, 211, 0, 17.08%, 0, 0, 7, 410.71, 561229, 1093, 0, 0
1532, 1, 657, 666, 212, 0, 17.08%, 0, 0, 7, 414.44, 563340, 1093, 0, 0
1537, 1, 566, 666, 211, 0, 17.08%, 0, 0, 7, 404.27, 565347, 1093, 0, 0
1542, 1, 663, 667, 208, 0, 17.08%, 0, 0, 7, 405.27, 567407, 1093, 0, 0
1547, 1, 467, 667, 205, 0, 17.08%, 0, 0, 7, 414.87, 569592, 1093, 0, 0
1552, 1, 554, 667, 199, 0, 17.08%, 0, 0, 7, 443.62, 571848, 1093, 0, 0
1557, 1, 347, 668, 197, 0, 17.08%, 0, 0, 7, 423.30, 573852, 1093, 0, 0
1564, 1, 27, 669, 192, 0, 17.08%, 0, 0, 7, 390.46, 576287, 1093, 0, 0
1569, 1, 87, 670, 187, 0, 17.08%, 0, 0, 7, 393.46, 578366, 1093, 0, 0
1574, 1, 166, 670, 183, 0, 17.08%, 0, 0, 7, 328.95, 579933, 1093, 0, 0
1579, 1, 119, 670, 180, 0, 17.08%, 0, 0, 7, 382.89, 581810, 1093, 0, 0
1584, 1, 154, 670, 177, 0, 17.08%, 0, 0, 7, 346.34, 583484, 1093, 0, 0
1590, 1, 7, 670, 172, 0, 17.08%, 0, 0, 7, 381.42, 585352, 1093, 0, 0
1595, 1, 618, 671, 171, 0, 17.08%, 0, 0, 7, 310.83, 586874, 1093, 0, 0
1601, 1, 444, 672, 167, 0, 17.08%, 0, 0, 7, 367.90, 588899, 1093, 0, 0
1606, 1, 638, 672, 163, 0, 17.08%, 0, 0, 7, 305.45, 590328, 1093, 0, 0
1611, 1, 150, 673, 161, 0, 17.10%, 0, 0, 7, 365.77, 592264, 1094, 0, 0
1616, 1, 301, 674, 159, 0, 17.10%, 0, 0, 7, 399.47, 594252, 1094, 0, 0
1621, 1, 571, 674, 155, 0, 17.10%, 0, 0, 7, 438.02, 596539, 1094, 0, 0
1626, 1, 192, 674, 151, 0, 17.10%, 0, 0, 7, 453.91, 598772, 1094, 0, 0
1631, 1, 216, 675, 148, 0, 17.10%, 0, 0, 7, 445.08, 601045, 1094, 0, 0
1636, 1, 461, 675, 146, 0, 17.10%, 0, 0, 7, 457.82, 603388, 1094, 0, 0
1641, 1, 579, 675, 140, 0, 17.10%, 0, 0, 7, 490.97, 605766, 1094, 0, 0
1647, 1, 614, 675, 139, 0, 17.10%, 0, 0, 7, 448.14, 608271, 1094, 0, 0
1653, 2, 676, 677, 137, 1, 17.11%, 0, 0, 7, 436.97, 610694, 1095, 0, 0
1658, 2, 178, 678, 135, 0, 17.11%, 0, 0, 7, 473.79, 612991, 1095, 0, 0
1663, 2, 678, 679, 132, 1, 17.13%, 0, 0, 7, 427.19, 614947, 1096, 0, 0
1668, 2, 508, 679, 130, 0, 17.13%, 0, 0, 7, 374.26, 616599, 1096, 0, 0
1673, 2, 292, 683, 134, 0, 17.15%, 0, 0, 7, 340.25, 618349, 1097, 0, 0
1678, 2, 292, 688, 139, 0, 17.15%, 0, 0, 7, 293.98, 619832, 1097, 0, 0
1683, 2, 292, 689, 140, 0, 17.15%, 0, 0, 7, 309.19, 621535, 1097, 0, 0
1688, 2, 292, 690, 141, 0, 17.15%, 0, 0, 7, 356.47, 623270, 1097, 0, 0
1693, 2, 292, 690, 141, 0, 17.15%, 0, 0, 7, 315.42, 624866, 1097, 0, 0
1698, 2, 292, 690, 141, 0, 17.15%, 0, 0, 7, 338.19, 626528, 1097, 0, 0
1704, 2, 689, 691, 140, 1, 17.15%, 0, 0, 7, 326.03, 628120, 1097, 0, 0
1709, 2, 274, 691, 139, 0, 17.15%, 0, 0, 7, 322.59, 630089, 1097, 0, 0
1714, 2, 313, 692, 140, 0, 17.15%, 0, 0, 7, 324.88, 631678, 1097, 0, 0
1719, 2, 687, 692, 140, 0, 17.15%, 0, 0, 7, 279.69, 633042, 1097, 0, 0
1724, 2, 687, 695, 143, 0, 17.19%, 0, 0, 7, 222.09, 634083, 1100, 0, 0
1729, 2, 687, 698, 146, 0, 17.22%, 0, 0, 7, 233.32, 635280, 1102, 0, 0
1734, 2, 687, 698, 146, 0, 17.22%, 0, 0, 7, 216.96, 636372, 1102, 0, 0
1739, 2, 687, 699, 147, 0, 17.22%, 0, 0, 7, 304.68, 638027, 1102, 0, 0
1745, 2, 687, 699, 147, 0, 17.22%, 0, 0, 7, 269.47, 639437, 1102, 0, 0
1750, 2, 687, 699, 147, 0, 17.22%, 0, 0, 7, 280.55, 640962, 1102, 0, 0
1755, 2, 687, 699, 147, 0, 17.22%, 0, 0, 7, 278.49, 642367, 1102, 0, 0
1761, 2, 695, 700, 147, 2, 17.24%, 0, 0, 7, 367.46, 644898, 1103, 0, 0
1767, 2, 696, 702, 148, 3, 17.24%, 0, 0, 7, 346.37, 646904, 1103, 0, 0
1772, 2, 699, 705, 150, 3, 17.24%, 0, 0, 7, 378.81, 648845, 1103, 0, 0
1777, 2, 700, 705, 148, 2, 17.24%, 0, 0, 7, 443.00, 651054, 1103, 0, 0
1782, 2, 700, 711, 154, 2, 17.24%, 0, 0, 7, 399.87, 653105, 1103, 0, 0
1788, 2, 700, 712, 155, 2, 17.24%, 0, 0, 7, 396.55, 655216, 1103, 0, 0
1793, 2, 700, 713, 156, 2, 17.24%, 0, 0, 7, 373.90, 657183, 1103, 0, 0
1798, 2, 700, 715, 158, 2, 17.27%, 0, 0, 7, 385.20, 659066, 1105, 0, 0
1800, 2, 700, 716, 159, 2, 17.29%, 0, 0, 7, 380.36, 659925, 1106, 0, 0
