# relative_time, cycles_done, cur_item, corpus_count, pending_total, pending_favs, map_size, saved_crashes, saved_hangs, max_depth, execs_per_sec, total_execs, edges_found, total_crashes, servers_count
61, 0, 6, 300, 295, 87, 3.35%, 0, 0, 2, 687.44, 52158, 2194, 0, 0
66, 0, 6, 302, 297, 87, 3.35%, 0, 0, 2, 642.21, 55331, 2195, 0, 0
71, 0, 6, 303, 298, 87, 3.35%, 0, 0, 2, 594.38, 58123, 2195, 0, 0
76, 0, 6, 308, 303, 87, 3.39%, 0, 0, 2, 610.41, 61422, 2224, 0, 0
81, 0, 6, 311, 306, 87, 3.44%, 0, 0, 2, 768.79, 65094, 2254, 0, 0
86, 0, 6, 314, 309, 87, 3.44%, 0, 0, 2, 908.36, 69792, 2254, 0, 0
91, 0, 6, 320, 315, 87, 3.46%, 0, 0, 2, 806.12, 73758, 2266, 0, 0
96, 0, 6, 323, 318, 87, 3.46%, 0, 0, 2, 904.44, 78461, 2266, 0, 0
101, 0, 6, 323, 318, 87, 3.46%, 0, 0, 2, 963.29, 83219, 2266, 0, 0
107, 0, 6, 324, 319, 87, 3.46%, 0, 0, 2, 814.42, 87548, 2266, 0, 0
112, 0, 10, 333, 326, 124, 3.46%, 0, 0, 2, 839.82, 91729, 2269, 0, 0
117, 0, 54, 356, 338, 115, 3.47%, 0, 0, 3, 947.21, 96995, 2275, 0, 0
122, 0, 54, 362, 344, 115, 3.47%, 0, 0, 3, 904.21, 101034, 2276, 0, 0
127, 0, 54, 366, 348, 115, 3.48%, 0, 0, 3, 908.21, 105891, 2281, 0, 0
132, 0, 54, 371, 353, 115, 3.48%, 0, 0, 3, 865.37, 110224, 2281, 0, 0
137, 0, 54, 373, 355, 115, 3.48%, 0, 0, 3, 798.76, 114238, 2281, 0, 0
142, 0, 54, 375, 357, 115, 3.48%, 0, 0, 3, 759.03, 118182, 2281, 0, 0
148, 0, 54, 375, 357, 115, 3.48%, 0, 0, 3, 703.28, 121754, 2281, 0, 0
153, 0, 54, 377, 359, 115, 3.48%, 0, 0, 3, 656.46, 125017, 2283, 0, 0
158, 0, 54, 377, 359, 115, 3.48%, 0, 0, 3, 643.28, 128241, 2283, 0, 0
163, 0, 54, 377, 359, 115, 3.48%, 0, 0, 3, 588.48, 131021, 2283, 0, 0
168, 0, 54, 378, 360, 115, 3.48%, 0, 0, 3, 708.59, 134977, 2283, 0, 0
173, 0, 54, 378, 360, 115, 3.48%, 0, 0, 3, 701.44, 138645, 2283, 0, 0
178, 0, 54, 381, 363, 115, 3.49%, 0, 0, 3, 695.85, 142194, 2285, 0, 0
183, 0, 54, 382, 364, 115, 3.49%, 0, 0, 3, 652.32, 145411, 2285, 0, 0
189, 0, 274, 382, 361, 119, 3.49%, 0, 0, 3, 572.10, 148428, 2285, 0, 0
194, 0, 87, 386, 352, 106, 3.49%, 0, 0, 3, 568.76, 151406, 2285, 0, 0
199, 0, 100, 395, 353, 98, 3.52%, 0, 0, 3, 575.86, 154226, 2307, 0, 0
204, 0, 100, 407, 365, 98, 3.55%, 0, 0, 3, 813.31, 158607, 2327, 0, 0
209, 0, 100, 412, 370, 98, 3.58%, 0, 0, 3, 706.93, 162249, 2345, 0, 0
214, 0, 124, 412, 362, 99, 3.58%, 0, 0, 3, 660.27, 165511, 2345, 0, 0
219, 0, 160, 417, 361, 93, 3.58%, 0, 0, 3, 646.81, 168480, 2346, 0, 0
225, 0, 160, 430, 374, 93, 3.58%, 0, 0, 3, 791.81, 172726, 2347, 0, 0
230, 0, 160, 437, 381, 93, 3.59%, 0, 0, 3, 783.81, 176675, 2352, 0, 0
235, 0, 160, 440, 384, 93, 3.59%, 0, 0, 3, 792.69, 180896, 2352, 0, 0
240, 0, 213, 443, 382, 91, 3.64%, 0, 0, 3, 810.51, 185339, 2383, 0, 0
245, 0, 213, 451, 390, 91, 3.68%, 0, 0, 3, 677.51, 188648, 2414, 0, 0
250, 0, 213, 456, 395, 91, 3.70%, 0, 0, 3, 631.39, 191685, 2423, 0, 0
255, 0, 213, 462, 401, 91, 3.72%, 0, 0, 3, 667.11, 195031, 2438, 0, 0
260, 0, 213, 465, 404, 91, 3.73%, 0, 0, 3, 662.06, 198380, 2446, 0, 0
265, 0, 213, 465, 404, 91, 3.73%, 0, 0, 3, 613.14, 201408, 2446, 0, 0
270, 0, 213, 465, 404, 91, 3.73%, 0, 0, 3, 553.02, 204148, 2446, 0, 0
276, 0, 213, 465, 404, 91, 3.73%, 0, 0, 3, 604.01, 207204, 2446, 0, 0
281, 0, 213, 465, 404, 91, 3.73%, 0, 0, 3, 638.40, 210324, 2446, 0, 0
286, 0, 213, 467, 406, 91, 3.74%, 0, 0, 3, 704.39, 213940, 2448, 0, 0
291, 0, 213, 470, 409, 91, 3.82%, 0, 0, 3, 650.84, 217176, 2502, 0, 0
296, 0, 213, 471, 410, 91, 3.82%, 0, 0, 3, 707.60, 220929, 2502, 0, 0
301, 0, 213, 472, 411, 91, 3.83%, 0, 0, 3, 722.10, 224464, 2507, 0, 0
306, 0, 213, 474, 413, 91, 3.83%, 0, 0, 3, 730.53, 228258, 2507, 0, 0
311, 0, 213, 476, 415, 91, 3.83%, 0, 0, 3, 700.98, 231660, 2511, 0, 0
316, 0, 213, 476, 415, 91, 3.83%, 0, 0, 3, 638.82, 235028, 2511, 0, 0
321, 0, 175, 478, 415, 106, 3.83%, 0, 0, 3, 616.20, 238251, 2513, 0, 0
327, 0, 191, 480, 409, 98, 3.83%, 0, 0, 3, 738.06, 242661, 2513, 0, 0
332, 0, 199, 480, 403, 92, 3.83%, 0, 0, 3, 820.42, 247216, 2513, 0, 0
337, 0, 229, 489, 406, 86, 3.84%, 0, 0, 3, 827.32, 251681, 2514, 0, 0
342, 0, 229, 495, 412, 86, 3.84%, 0, 0, 3, 690.62, 255061, 2514, 0, 0
347, 0, 229, 497, 414, 86, 3.84%, 0, 0, 3, 724.65, 258871, 2514, 0, 0
352, 0, 239, 502, 417, 88, 3.84%, 0, 0, 3, 797.84, 262945, 2516, 0, 0
357, 0, 246, 503, 410, 81, 3.84%, 0, 0, 4, 617.83, 266086, 2516, 0, 0
362, 0, 276, 505, 400, 69, 3.84%, 0, 0, 4, 798.88, 270562, 2516, 0, 0
368, 0, 477, 510, 398, 62, 3.84%, 0, 0, 4, 749.20, 274261, 2516, 0, 0
373, 0, 477, 514, 402, 62, 3.84%, 0, 0, 4, 880.59, 278790, 2517, 0, 0
378, 0, 477, 517, 405, 62, 3.85%, 0, 0, 4, 675.58, 282111, 2520, 0, 0
384, 0, 263, 517, 404, 64, 3.85%, 0, 0, 4, 715.77, 286567, 2520, 0, 0
390, 0, 283, 518, 396, 55, 3.85%, 0, 0, 4, 568.96, 289252, 2520, 0, 0
395, 0, 285, 532, 407, 53, 3.85%, 0, 0, 4, 583.61, 292322, 2520, 0, 0
400, 0, 318, 537, 409, 50, 3.85%, 0, 0, 4, 584.01, 295233, 2520, 0, 0
405, 0, 318, 542, 414, 50, 3.85%, 0, 0, 4, 600.13, 298382, 2520, 0, 0
410, 0, 318, 544, 416, 50, 3.85%, 0, 0, 4, 623.47, 301540, 2520, 0, 0
415, 0, 295, 545, 416, 49, 3.85%, 0, 0, 4, 636.45, 305129, 2520, 0, 0
421, 0, 422, 546, 410, 43, 3.85%, 0, 0, 4, 621.48, 308038, 2522, 0, 0
426, 0, 353, 548, 399, 31, 3.85%, 0, 0, 4, 615.11, 311145, 2522, 0, 0
431, 0, 359, 563, 413, 30, 3.87%, 0, 0, 4, 605.67, 314090, 2535, 0, 0
436, 0, 359, 566, 416, 30, 3.87%, 0, 0, 4, 713.76, 317739, 2535, 0, 0
441, 0, 559, 569, 411, 27, 3.87%, 0, 0, 5, 938.82, 321269, 2535, 0, 0
446, 0, 559, 572, 414, 27, 3.88%, 0, 0, 5, 955.51, 326114, 2546, 0, 0
451, 0, 559, 573, 415, 27, 3.88%, 0, 0, 5, 955.74, 330801, 2546, 0, 0
456, 0, 501, 574, 411, 26, 3.88%, 0, 0, 5, 968.38, 335656, 2546, 0, 0
461, 0, 436, 587, 413, 19, 3.89%, 0, 0, 6, 880.03, 339857, 2552, 0, 0
466, 0, 436, 594, 420, 19, 3.89%, 0, 0, 6, 831.26, 344176, 2552, 0, 0
471, 0, 436, 595, 421, 19, 3.89%, 0, 0, 6, 826.07, 348311, 2552, 0, 0
477, 0, 445, 596, 421, 22, 3.89%, 0, 0, 6, 812.86, 352805, 2552, 0, 0
482, 0, 582, 601, 413, 8, 3.90%, 0, 0, 7, 797.05, 356957, 2553, 0, 0
487, 0, 590, 608, 414, 4, 3.90%, 0, 0, 7, 757.17, 360809, 2553, 0, 0
492, 0, 590, 613, 419, 4, 3.90%, 0, 0, 7, 839.60, 364902, 2553, 0, 0
498, 0, 590, 615, 421, 4, 3.90%, 0, 0, 7, 656.27, 368083, 2553, 0, 0
503, 0, 590, 617, 423, 4, 3.90%, 0, 0, 7, 590.71, 370880, 2553, 0, 0
508, 0, 597, 627, 431, 4, 3.90%, 0, 0, 7, 573.49, 373824, 2553, 0, 0
508, 0, 597, 627, 431, 4, 3.90%, 0, 0, 7, 0.00, 373835, 2553, 0, 0
513, 0, 13, 630, 428, 0, 3.90%, 0, 0, 7, 659.87, 377288, 2553, 0, 0
518, 0, 599, 635, 433, 0, 3.90%, 0, 0, 7, 621.31, 380589, 2553, 0, 0
523, 0, 599, 636, 434, 0, 3.90%, 0, 0, 7, 615.23, 383549, 2553, 0, 0
528, 0, 599, 638, 436, 0, 3.90%, 0, 0, 7, 652.21, 386919, 2553, 0, 0
533, 0, 599, 639, 437, 0, 3.90%, 0, 0, 7, 609.68, 389906, 2553, 0, 0
539, 0, 627, 639, 435, 0, 3.90%, 0, 0, 7, 598.28, 393091, 2553, 0, 0
544, 0, 325, 642, 434, 0, 3.91%, 0, 0, 7, 647.60, 396735, 2562, 0, 0
549, 0, 56, 646, 437, 0, 3.91%, 0, 0, 7, 632.87, 400102, 2562, 0, 0
554, 0, 646, 647, 432, 1, 3.91%, 0, 0, 7, 676.81, 403477, 2562, 0, 0
559, 0, 396, 647, 424, 0, 3.91%, 0, 0, 7, 618.11, 406643, 2562, 0, 0
564, 0, 283, 649, 421, 0, 3.92%, 0, 0, 7, 752.76, 410762, 2568, 0, 0
569, 0, 422, 658, 429, 0, 3.92%, 0, 0, 7, 798.65, 414674, 2569, 0, 0
574, 0, 422, 660, 431, 0, 3.92%, 0, 0, 7, 814.34, 418816, 2570, 0, 0
579, 0, 422, 661, 432, 0, 3.92%, 0, 0, 7, 736.88, 422523, 2570, 0, 0
584, 0, 456, 663, 431, 0, 3.92%, 0, 0, 7, 731.33, 426452, 2570, 0, 0
590, 0, 271, 665, 430, 0, 3.92%, 0, 0, 7, 646.69, 430263, 2570, 0, 0
595, 0, 288, 668, 426, 0, 3.92%, 0, 0, 7, 875.93, 435043, 2570, 0, 0
601, 0, 588, 669, 422, 0, 3.92%, 0, 0, 7, 890.22, 439554, 2570, 0, 0
606, 0, 645, 678, 429, 0, 3.92%, 0, 0, 7, 844.75, 443972, 2570, 0, 0
611, 0, 256, 679, 429, 0, 3.92%, 0, 0, 7, 842.89, 448552, 2570, 0, 0
616, 0, 329, 681, 424, 0, 3.92%, 0, 0, 7, 918.55, 453435, 2570, 0, 0
621, 0, 343, 682, 418, 0, 3.92%, 0, 0, 7, 757.42, 456954, 2570, 0, 0
626, 0, 145, 682, 415, 0, 3.92%, 0, 0, 7, 685.39, 460281, 2570, 0, 0
631, 0, 12, 683, 410, 0, 3.92%, 0, 0, 7, 694.02, 463703, 2570, 0, 0
637, 0, 145, 683, 404, 0, 3.92%, 0, 0, 7, 691.44, 467313, 2570, 0, 0
642, 0, 99, 685, 402, 0, 3.92%, 0, 0, 7, 642.47, 470507, 2570, 0, 0
648, 0, 294, 687, 399, 0, 3.92%, 0, 0, 7, 716.22, 475033, 2570, 0, 0
653, 0, 570, 687, 396, 0, 3.92%, 0, 0, 7, 754.54, 478806, 2570, 0, 0
658, 0, 676, 692, 401, 0, 3.92%, 0, 0, 7, 487.04, 481599, 2570, 0, 0
663, 0, 676, 695, 404, 0, 3.92%, 0, 0, 7, 517.40, 484233, 2570, 0, 0
668, 0, 676, 697, 406, 0, 3.92%, 0, 0, 7, 498.25, 486877, 2570, 0, 0
673, 0, 307, 698, 405, 0, 3.92%, 0, 0, 7, 540.08, 489600, 2570, 0, 0
678, 0, 241, 702, 406, 0, 3.92%, 0, 0, 7, 556.75, 492690, 2570, 0, 0
684, 0, 317, 704, 404, 0, 3.92%, 0, 0, 7, 758.13, 497268, 2570, 0, 0
690, 0, 188, 705, 398, 0, 3.92%, 0, 0, 7, 725.35, 501364, 2570, 0, 0
695, 1, 220, 705, 391, 0, 3.92%, 0, 0, 7, 828.45, 505784, 2570, 0, 0
700, 1, 623, 711, 395, 0, 3.92%, 0, 0, 7, 720.22, 509273, 2570, 0, 0
705, 1, 623, 712, 396, 0, 3.92%, 0, 0, 7, 767.90, 513165, 2570, 0, 0
710, 1, 528, 712, 394, 0, 3.92%, 0, 0, 7, 766.87, 517135, 2570, 0, 0
715, 1, 662, 714, 390, 0, 3.92%, 0, 0, 7, 772.38, 521371, 2571, 0, 0
720, 1, 636, 716, 379, 0, 3.92%, 0, 0, 7, 770.44, 525193, 2571, 0, 0
725, 1, 717, 727, 388, 1, 3.92%, 0, 0, 7, 804.00, 529536, 2572, 0, 0
730, 1, 717, 727, 388, 1, 3.92%, 0, 0, 7, 635.74, 532632, 2572, 0, 0
735, 1, 717, 728, 389, 1, 3.92%, 0, 0, 7, 767.74, 536428, 2572, 0, 0
740, 1, 717, 730, 391, 1, 3.93%, 0, 0, 7, 754.39, 540199, 2576, 0, 0
745, 1, 388, 731, 386, 0, 3.93%, 0, 0, 7, 751.48, 543859, 2576, 0, 0
751, 1, 198, 733, 379, 0, 3.93%, 0, 0, 7, 695.26, 547279, 2576, 0, 0
756, 1, 718, 734, 369, 0, 3.93%, 0, 0, 7, 753.08, 551076, 2576, 0, 0
761, 1, 316, 735, 360, 0, 3.93%, 0, 0, 7, 652.95, 554309, 2576, 0, 0
766, 1, 277, 736, 353, 0, 3.93%, 0, 0, 7, 729.28, 558350, 2578, 0, 0
771, 1, 141, 739, 348, 0, 3.93%, 0, 0, 7, 713.91, 562017, 2578, 0, 0
776, 1, 141, 742, 351, 0, 3.93%, 0, 0, 7, 630.89, 565150, 2578, 0, 0
781, 1, 141, 743, 352, 0, 3.93%, 0, 0, 7, 620.88, 568398, 2578, 0, 0
787, 1, 653, 746, 354, 0, 3.93%, 0, 0, 7, 712.43, 572273, 2578, 0, 0
792, 1, 278, 749, 352, 0, 3.93%, 0, 0, 7, 755.57, 575762, 2578, 0, 0
797, 1, 693, 749, 340, 0, 3.93%, 0, 0, 7, 762.40, 579655, 2578, 0, 0
802, 1, 638, 758, 343, 0, 3.94%, 0, 0, 7, 762.67, 583438, 2582, 0, 0
807, 1, 638, 759, 344, 0, 3.94%, 0, 0, 7, 723.09, 587098, 2582, 0, 0
812, 1, 638, 761, 346, 0, 3.94%, 0, 0, 7, 832.08, 591264, 2582, 0, 0
817, 1, 638, 762, 347, 0, 3.94%, 0, 0, 7, 704.12, 594791, 2582, 0, 0
822, 1, 236, 763, 344, 0, 3.94%, 0, 0, 7, 609.44, 597878, 2582, 0, 0
827, 1, 491, 765, 339, 0, 3.94%, 0, 0, 7, 672.03, 601205, 2582, 0, 0
832, 1, 322, 771, 342, 0, 3.94%, 0, 0, 7, 648.78, 604440, 2582, 0, 0
837, 1, 322, 773, 344, 0, 3.94%, 0, 0, 7, 648.69, 607748, 2582, 0, 0
837, 1, 322, 773, 344, 0, 3.94%, 0, 0, 7, 0.00, 607754, 2582, 0, 0
842, 1, 322, 774, 345, 0, 3.94%, 0, 0, 7, 805.93, 611713, 2582, 0, 0
848, 1, 612, 774, 342, 0, 3.94%, 0, 0, 7, 763.67, 615369, 2582, 0, 0
853, 1, 12, 776, 334, 0, 3.94%, 0, 0, 8, 782.49, 619073, 2582, 0, 0
858, 1, 672, 776, 324, 0, 3.94%, 0, 0, 8, 708.42, 622724, 2582, 0, 0
863, 1, 505, 776, 315, 0, 3.94%, 0, 0, 8, 684.10, 626400, 2582, 0, 0
868, 1, 516, 776, 309, 0, 3.94%, 0, 0, 8, 559.23, 629084, 2582, 0, 0
873, 1, 291, 776, 300, 0, 3.94%, 0, 0, 8, 572.56, 631965, 2582, 0, 0
878, 1, 256, 776, 293, 0, 3.94%, 0, 0, 8, 561.60, 634851, 2582, 0, 0
883, 1, 754, 776, 290, 0, 3.94%, 0, 0, 8, 565.16, 637703, 2582, 0, 0
888, 1, 686, 778, 289, 0, 3.95%, 0, 0, 8, 522.02, 640402, 2586, 0, 0
893, 1, 181, 778, 278, 0, 3.95%, 0, 0, 8, 583.94, 643464, 2586, 0, 0
899, 1, 238, 779, 272, 0, 3.95%, 0, 0, 8, 567.64, 646522, 2586, 0, 0
904, 1, 170, 781, 267, 0, 3.95%, 0, 0, 8, 617.47, 649688, 2586, 0, 0
909, 1, 739, 781, 263, 0, 3.95%, 0, 0, 8, 547.05, 652375, 2586, 0, 0
914, 1, 632, 782, 257, 0, 3.96%, 0, 0, 8, 591.45, 655410, 2593, 0, 0
919, 1, 751, 788, 259, 0, 3.96%, 0, 0, 8, 485.98, 657813, 2593, 0, 0
924, 1, 751, 792, 263, 0, 3.96%, 0, 0, 8, 725.17, 661836, 2593, 0, 0
929, 1, 751, 793, 264, 0, 3.96%, 0, 0, 8, 751.48, 665792, 2593, 0, 0
935, 1, 253, 793, 263, 0, 3.96%, 0, 0, 8, 802.73, 670632, 2593, 0, 0
941, 1, 764, 793, 256, 0, 3.96%, 0, 0, 8, 681.10, 674040, 2593, 0, 0
946, 1, 301, 793, 253, 0, 3.96%, 0, 0, 8, 665.60, 677474, 2593, 0, 0
951, 1, 117, 795, 250, 0, 3.96%, 0, 0, 8, 652.93, 680729, 2596, 0, 0
956, 1, 769, 797, 246, 0, 3.96%, 0, 0, 8, 627.18, 683914, 2596, 0, 0
961, 1, 148, 798, 239, 0, 3.96%, 0, 0, 8, 690.49, 687400, 2596, 0, 0
966, 1, 669, 799, 234, 0, 3.96%, 0, 0, 8, 793.29, 691556, 2596, 0, 0
971, 1, 35, 799, 224, 0, 3.96%, 0, 0, 8, 711.62, 695062, 2596, 0, 0
976, 1, 61, 799, 214, 0, 3.96%, 0, 0, 8, 714.62, 698666, 2596, 0, 0
983, 1, 726, 800, 211, 0, 3.96%, 0, 0, 8, 556.15, 702057, 2596, 0, 0
988, 1, 566, 801, 208, 0, 3.96%, 0, 0, 8, 534.11, 704873, 2596, 0, 0
993, 1, 597, 802, 208, 0, 3.96%, 0, 0, 8, 498.49, 707443, 2596, 0, 0
998, 1, 797, 808, 214, 0, 3.96%, 0, 0, 8, 495.02, 710011, 2596, 0, 0
1003, 1, 797, 809, 215, 0, 3.96%, 0, 0, 8, 488.04, 712412, 2596, 0, 0
1008, 1, 797, 809, 215, 0, 3.96%, 0, 0, 8, 464.24, 714708, 2596, 0, 0
1014, 1, 797, 811, 217, 0, 3.96%, 0, 0, 8, 439.03, 716682, 2596, 0, 0
1019, 1, 241, 811, 212, 0, 3.96%, 0, 0, 8, 529.57, 719516, 2596, 0, 0
1024, 1, 340, 813, 208, 0, 3.96%, 0, 0, 8, 641.90, 723053, 2596, 0, 0
1029, 1, 201, 815, 205, 0, 3.96%, 0, 0, 8, 576.50, 725973, 2596, 0, 0
1034, 1, 250, 815, 200, 0, 3.96%, 0, 0, 8, 562.70, 728891, 2596, 0, 0
1039, 1, 729, 817, 198, 0, 3.96%, 0, 0, 8, 511.42, 731518, 2596, 0, 0
1044, 1, 801, 817, 187, 0, 3.96%, 0, 0, 8, 835.72, 735922, 2596, 0, 0
1049, 1, 253, 818, 177, 0, 3.96%, 0, 0, 8, 909.57, 740717, 2596, 0, 0
1054, 1, 735, 819, 173, 0, 3.97%, 0, 0, 8, 997.93, 745862, 2602, 0, 0
1060, 1, 147, 820, 164, 0, 3.97%, 0, 0, 8, 977.36, 750947, 2602, 0, 0
1065, 2, 808, 829, 171, 0, 3.97%, 0, 0, 8, 1051.19, 756267, 2603, 0, 0
1070, 2, 808, 832, 174, 0, 3.97%, 0, 0, 8, 1029.78, 761388, 2603, 0, 0
1075, 2, 749, 833, 166, 0, 3.97%, 0, 0, 8, 1196.26, 767770, 2603, 0, 0
1080, 2, 537, 838, 166, 0, 3.97%, 0, 0, 8, 1139.09, 773504, 2603, 0, 0
1085, 2, 835, 840, 160, 0, 3.97%, 0, 0, 8, 1114.07, 778812, 2603, 0, 0
1093, 2, 834, 841, 159, 0, 3.97%, 0, 0, 8, 41.11, 782021, 2603, 0, 0
1098, 2, 360, 841, 151, 0, 3.97%, 0, 0, 8, 1244.26, 785356, 2603, 0, 0
1103, 2, 825, 841, 145, 0, 3.97%, 0, 0, 8, 1122.13, 791001, 2603, 0, 0
1108, 2, 346, 841, 139, 0, 3.97%, 0, 0, 8, 984.63, 795673, 2603, 0, 0
1107, 2, 203, 841, 133, 0, 3.97%, 0, 0, 8, 0.00, 799211, 2603, 0, 0
1112, 2, 830, 843, 132, 0, 3.97%, 0, 0, 8, 765.49, 802647, 2604, 0, 0
1117, 2, 376, 844, 128, 0, 3.97%, 0, 0, 8, 685.23, 805697, 2604, 0, 0
1122, 2, 838, 844, 123, 0, 3.97%, 0, 0, 8, 769.80, 809685, 2604, 0, 0
1127, 2, 759, 845, 119, 0, 3.97%, 0, 0, 8, 804.20, 814075, 2604, 0, 0
1133, 2, 463, 845, 112, 0, 3.97%, 0, 0, 8, 805.33, 817982, 2604, 0, 0
1138, 2, 148, 845, 109, 0, 3.97%, 0, 0, 8, 35.26, 821908, 2604, 0, 0
1143, 2, 259, 845, 104, 0, 3.97%, 0, 0, 8, 900.05, 826308, 2604, 0, 0
1148, 2, 188, 845, 99, 0, 3.97%, 0, 0, 8, 766.80, 830197, 2604, 0, 0
1153, 2, 581, 845, 94, 0, 3.97%, 0, 0, 8, 714.81, 833809, 2604, 0, 0
1158, 2, 827, 845, 90, 0, 3.97%, 0, 0, 8, 749.31, 838169, 2604, 0, 0
1163, 2, 799, 852, 93, 0, 3.97%, 0, 0, 8, 967.35, 843177, 2604, 0, 0
1168, 2, 799, 853, 94, 0, 3.97%, 0, 0, 8, 990.75, 848048, 2604, 0, 0
1174, 2, 515, 853, 93, 0, 3.97%, 0, 0, 8, 1057.01, 853284, 2604, 0, 0
1179, 2, 790, 853, 88, 0, 3.97%, 0, 0, 8, 937.07, 858276, 2604, 0, 0
1184, 2, 770, 854, 80, 0, 3.97%, 0, 0, 8, 1129.14, 864221, 2604, 0, 0
1189, 2, 598, 854, 73, 0, 3.97%, 0, 0, 8, 1171.76, 870241, 2604, 0, 0
1194, 2, 646, 855, 69, 0, 3.97%, 0, 0, 8, 1164.28, 876038, 2604, 0, 0
1199, 2, 601, 857, 67, 0, 3.97%, 0, 0, 8, 1070.31, 881534, 2605, 0, 0
1204, 2, 328, 860, 63, 0, 3.98%, 0, 0, 9, 1153.95, 887619, 2606, 0, 0
1210, 2, 524, 861, 61, 0, 3.98%, 0, 0, 9, 1048.40, 894170, 2606, 0, 0
1215, 2, 847, 862, 58, 0, 3.98%, 0, 0, 9, 1051.49, 899579, 2606, 0, 0
1221, 2, 308, 864, 58, 0, 3.98%, 0, 0, 10, 768.61, 903062, 2606, 0, 0
1226, 2, 492, 865, 56, 0, 3.98%, 0, 0, 10, 873.80, 907736, 2606, 0, 0
1231, 2, 848, 865, 52, 0, 3.98%, 0, 0, 10, 836.07, 911745, 2606, 0, 0
1236, 2, 764, 865, 49, 0, 3.98%, 0, 0, 10, 927.40, 916823, 2606, 0, 0
1241, 2, 840, 865, 43, 0, 3.98%, 0, 0, 10, 924.20, 921552, 2606, 0, 0
1246, 2, 806, 867, 43, 0, 3.98%, 0, 0, 10, 952.62, 926754, 2606, 0, 0
1252, 2, 597, 868, 43, 0, 3.98%, 0, 0, 10, 903.22, 931319, 2606, 0, 0
1257, 2, 31, 870, 43, 0, 3.98%, 0, 0, 10, 1009.82, 936728, 2606, 0, 0
1262, 3, 861, 871, 42, 0, 3.98%, 0, 0, 10, 926.85, 941188, 2606, 0, 0
1268, 3, 861, 871, 42, 0, 3.98%, 0, 0, 10, 466.47, 943098, 2606, 0, 0
1273, 3, 641, 871, 41, 0, 3.98%, 0, 0, 10, 823.35, 947580, 2606, 0, 0
1278, 3, 468, 871, 38, 0, 3.98%, 0, 0, 10, 919.83, 952571, 2606, 0, 0
1283, 3, 872, 882, 48, 1, 4.01%, 0, 0, 10, 1080.70, 957795, 2627, 0, 0
1289, 3, 872, 883, 49, 1, 4.01%, 0, 0, 10, 1068.74, 963178, 2628, 0, 0
1294, 3, 881, 886, 50, 2, 4.01%, 0, 0, 10, 1055.09, 968459, 2629, 0, 0
1299, 3, 889, 894, 53, 2, 4.01%, 0, 0, 10, 1143.38, 974398, 2629, 0, 0
1305, 3, 533, 897, 53, 0, 4.01%, 0, 0, 10, 1156.01, 981085, 2630, 0, 0
1310, 3, 831, 897, 51, 0, 4.01%, 0, 0, 10, 1059.70, 986272, 2630, 0, 0
1315, 3, 885, 899, 49, 0, 4.01%, 0, 0, 10, 1149.78, 992330, 2630, 0, 0
1320, 3, 889, 904, 52, 0, 4.01%, 0, 0, 10, 1093.20, 997792, 2630, 0, 0
1325, 3, 905, 908, 56, 1, 4.05%, 0, 0, 10, 1119.39, 1003715, 2655, 0, 0
1330, 3, 577, 909, 54, 0, 4.06%, 0, 0, 10, 1129.21, 1009308, 2658, 0, 0
1335, 3, 279, 909, 53, 0, 4.06%, 0, 0, 10, 1169.07, 1015081, 2658, 0, 0
1341, 3, 794, 909, 49, 0, 4.06%, 0, 0, 10, 938.94, 1019788, 2658, 0, 0
1346, 3, 901, 912, 51, 0, 4.06%, 0, 0, 10, 851.15, 1024108, 2658, 0, 0
1351, 3, 884, 912, 47, 0, 4.06%, 0, 0, 10, 766.06, 1027806, 2658, 0, 0
1356, 3, 868, 914, 46, 0, 4.06%, 0, 0, 10, 826.75, 1032011, 2658, 0, 0
1361, 3, 843, 914, 45, 0, 4.06%, 0, 0, 10, 713.89, 1035872, 2658, 0, 0
1366, 3, 80, 914, 43, 0, 4.06%, 0, 0, 10, 664.55, 1038890, 2658, 0, 0
1371, 3, 822, 915, 43, 0, 4.06%, 0, 0, 10, 643.56, 1042378, 2658, 0, 0
1376, 3, 904, 915, 41, 0, 4.06%, 0, 0, 10, 793.24, 1046760, 2658, 0, 0
1381, 3, 896, 915, 38, 0, 4.06%, 0, 0, 10, 872.53, 1051103, 2658, 0, 0
1386, 3, 734, 915, 36, 0, 4.06%, 0, 0, 10, 795.39, 1055050, 2658, 0, 0
1391, 3, 854, 915, 34, 0, 4.06%, 0, 0, 10, 846.65, 1059470, 2658, 0, 0
1397, 3, 255, 915, 30, 0, 4.06%, 0, 0, 10, 771.75, 1063996, 2658, 0, 0
1402, 3, 72, 918, 28, 0, 4.06%, 0, 0, 12, 1000.50, 1068938, 2658, 0, 0
1407, 3, 190, 919, 28, 0, 4.06%, 0, 0, 12, 1110.89, 1074612, 2658, 0, 0
1412, 3, 709, 920, 26, 0, 4.06%, 0, 0, 12, 1016.00, 1080135, 2658, 0, 0
1417, 3, 461, 922, 26, 0, 4.06%, 0, 0, 12, 1015.13, 1085272, 2658, 0, 0
1422, 3, 77, 922, 23, 0, 4.06%, 0, 0, 12, 1094.32, 1090679, 2658, 0, 0
1428, 3, 740, 922, 22, 0, 4.06%, 0, 0, 12, 1158.27, 1097049, 2658, 0, 0
1433, 3, 457, 922, 19, 0, 4.06%, 0, 0, 12, 1167.78, 1102901, 2658, 0, 0
1438, 3, 577, 925, 21, 0, 4.06%, 0, 0, 12, 1452.90, 1108907, 2658, 0, 0
1443, 3, 3, 925, 19, 0, 4.06%, 0, 0, 12, 1225.32, 1114839, 2658, 0, 0
1450, 3, 841, 926, 20, 0, 4.06%, 0, 0, 12, 1137.63, 1122623, 2658, 0, 0
1455, 3, 267, 926, 17, 0, 4.06%, 0, 0, 12, 1203.83, 1128715, 2658, 0, 0
1460, 3, 168, 928, 17, 0, 4.06%, 0, 0, 12, 928.26, 1133448, 2659, 0, 0
1465, 4, 463, 928, 15, 0, 4.06%, 0, 0, 12, 863.56, 1137897, 2659, 0, 0
1471, 4, 928, 944, 31, 1, 4.06%, 0, 0, 12, 785.97, 1141702, 2663, 0, 0
1476, 4, 928, 945, 32, 1, 4.06%, 0, 0, 12, 812.45, 1146011, 2663, 0, 0
1481, 4, 928, 945, 32, 1, 4.06%, 0, 0, 12, 787.48, 1149959, 2663, 0, 0
1486, 4, 267, 945, 30, 0, 4.06%, 0, 0, 12, 808.13, 1154918, 2663, 0, 0
1491, 4, 299, 946, 30, 0, 4.06%, 0, 0, 12, 802.69, 1159143, 2663, 0, 0
1496, 4, 287, 947, 27, 0, 4.06%, 0, 0, 12, 821.61, 1163464, 2663, 0, 0
1502, 4, 948, 950, 30, 1, 4.07%, 0, 0, 12, 1073.71, 1168329, 2669, 0, 0
1507, 4, 455, 952, 29, 0, 4.07%, 0, 0, 13, 953.33, 1172932, 2669, 0, 0
1512, 4, 394, 953, 28, 0, 4.07%, 0, 0, 13, 917.56, 1177374, 2669, 0, 0
1517, 4, 917, 953, 26, 0, 4.07%, 0, 0, 13, 975.77, 1181534, 2669, 0, 0
1522, 4, 597, 954, 24, 0, 4.07%, 0, 0, 13, 962.49, 1186151, 2669, 0, 0
1527, 4, 408, 954, 24, 0, 4.07%, 0, 0, 13, 1037.35, 1191477, 2669, 0, 0
1532, 4, 864, 957, 24, 0, 4.08%, 0, 0, 13, 1008.39, 1196814, 2672, 0, 0
1537, 4, 267, 957, 23, 0, 4.08%, 0, 0, 13, 1055.98, 1202172, 2672, 0, 0
1542, 4, 500, 957, 20, 0, 4.08%, 0, 0, 13, 1116.24, 1207869, 2672, 0, 0
1547, 4, 955, 966, 28, 0, 4.08%, 0, 0, 14, 1012.80, 1213021, 2673, 0, 0
1552, 4, 955, 970, 32, 0, 4.08%, 0, 0, 14, 932.63, 1217525, 2673, 0, 0
1558, 4, 970, 976, 37, 1, 4.08%, 0, 0, 15, 937.15, 1222390, 2673, 0, 0
1563, 4, 970, 979, 40, 1, 4.08%, 0, 0, 15, 845.65, 1226590, 2673, 0, 0
1568, 4, 970, 979, 40, 1, 4.08%, 0, 0, 15, 843.94, 1230782, 2673, 0, 0
1573, 4, 972, 980, 40, 1, 4.08%, 0, 0, 15, 910.39, 1235464, 2673, 0, 0
1578, 4, 954, 981, 39, 0, 4.08%, 0, 0, 15, 977.84, 1240792, 2673, 0, 0
1583, 4, 781, 982, 38, 0, 4.08%, 0, 0, 16, 862.46, 1244965, 2673, 0, 0
1588, 4, 754, 982, 36, 0, 4.08%, 0, 0, 16, 849.87, 1249476, 2673, 0, 0
1593, 4, 110, 983, 36, 0, 4.08%, 0, 0, 16, 926.86, 1254320, 2676, 0, 0
1599, 4, 586, 984, 35, 0, 4.08%, 0, 0, 16, 911.21, 1259155, 2676, 0, 0
1604, 4, 261, 984, 33, 0, 4.08%, 0, 0, 16, 930.41, 1263927, 2676, 0, 0
1609, 4, 984, 985, 32, 0, 4.08%, 0, 0, 16, 945.05, 1268845, 2676, 0, 0
1614, 4, 934, 985, 31, 0, 4.08%, 0, 0, 16, 1001.96, 1273729, 2676, 0, 0
1619, 4, 575, 985, 29, 0, 4.08%, 0, 0, 16, 606.97, 1278161, 2676, 0, 0
1624, 4, 985, 988, 31, 0, 4.12%, 0, 0, 16, 897.54, 1283027, 2699, 0, 0
1629, 4, 987, 988, 30, 1, 4.12%, 0, 0, 16, 985.84, 1288344, 2699, 0, 0
1634, 4, 981, 990, 31, 0, 4.12%, 0, 0, 17, 938.82, 1293154, 2699, 0, 0
1639, 4, 578, 990, 28, 0, 4.12%, 0, 0, 17, 972.26, 1298184, 2699, 0, 0
1644, 4, 98, 990, 27, 0, 4.12%, 0, 0, 17, 1088.62, 1303695, 2699, 0, 0
1650, 4, 554, 992, 29, 0, 4.12%, 0, 0, 17, 1011.28, 1308853, 2699, 0, 0
1655, 4, 209, 992, 28, 0, 4.12%, 0, 0, 17, 1176.12, 1315270, 2699, 0, 0
1660, 4, 993, 994, 29, 0, 4.13%, 0, 0, 17, 1077.14, 1320670, 2706, 0, 0
1665, 4, 36, 994, 26, 0, 4.13%, 0, 0, 17, 1037.41, 1325815, 2706, 0, 0
1670, 4, 997, 998, 25, 1, 4.13%, 0, 0, 17, 1125.49, 1331808, 2706, 0, 0
1675, 4, 933, 998, 22, 0, 4.13%, 0, 0, 17, 1118.76, 1337621, 2706, 0, 0
1681, 4, 767, 998, 19, 0, 4.13%, 0, 0, 17, 1043.08, 1343573, 2706, 0, 0
1686, 4, 111, 998, 17, 0, 4.13%, 0, 0, 17, 1116.16, 1349222, 2706, 0, 0
1691, 5, 569, 998, 14, 0, 4.13%, 0, 0, 17, 1048.67, 1354464, 2706, 0, 0
1696, 5, 957, 998, 14, 0, 4.13%, 0, 0, 17, 1191.86, 1360126, 2706, 0, 0
1701, 5, 999, 1000, 14, 0, 4.13%, 0, 0, 17, 954.78, 1364825, 2709, 0, 0
1706, 5, 253, 1000, 13, 0, 4.13%, 0, 0, 17, 913.29, 1369654, 2709, 0, 0
1712, 5, 749, 1000, 12, 0, 4.13%, 0, 0, 17, 836.78, 1373821, 2709, 0, 0
1717, 5, 905, 1000, 12, 0, 4.13%, 0, 0, 17, 910.92, 1378460, 2709, 0, 0
1722, 5, 763, 1000, 11, 0, 4.13%, 0, 0, 17, 851.38, 1382450, 2709, 0, 0
1727, 5, 754, 1001, 11, 0, 4.13%, 0, 0, 17, 891.33, 1387057, 2709, 0, 0
1732, 5, 719, 1001, 10, 0, 4.13%, 0, 0, 17, 752.03, 1390626, 2709, 0, 0
1737, 5, 863, 1002, 10, 0, 4.13%, 0, 0, 17, 833.18, 1394725, 2709, 0, 0
1743, 5, 433, 1002, 10, 0, 4.13%, 0, 0, 17, 767.46, 1399545, 2709, 0, 0
1748, 5, 274, 1002, 9, 0, 4.13%, 0, 0, 17, 875.56, 1404192, 2709, 0, 0
1753, 5, 905, 1002, 7, 0, 4.13%, 0, 0, 17, 798.63, 1408168, 2709, 0, 0
1759, 5, 224, 1003, 8, 0, 4.13%, 0, 0, 17, 882.97, 1413450, 2709, 0, 0
1764, 5, 188, 1003, 7, 0, 4.13%, 0, 0, 17, 1048.97, 1418891, 2709, 0, 0
1769, 5, 461, 1003, 7, 0, 4.13%, 0, 0, 17, 1026.15, 1424090, 2709, 0, 0
1774, 5, 314, 1003, 7, 0, 4.13%, 0, 0, 17, 985.14, 1428966, 2709, 0, 0
1779, 5, 94, 1003, 7, 0, 4.13%, 0, 0, 17, 1007.30, 1433941, 2709, 0, 0
1784, 5, 184, 1003, 6, 0, 4.13%, 0, 0, 17, 986.79, 1438837, 2709, 0, 0
1790, 5, 168, 1004, 6, 0, 4.13%, 0, 0, 17, 916.04, 1443729, 2709, 0, 0
1795, 5, 265, 1005, 7, 0, 4.13%, 0, 0, 17, 976.81, 1449210, 2709, 0, 0
1800, 5, 957, 1006, 8, 0, 4.13%, 0, 0, 17, 946.22, 1453347, 2709, 0, 0
